* ovo
acc:  68.22985468956408 %
hit/total:  1033 / 1514
* ovr
acc:  58.520475561426686 %
hit/total:  886 / 1514
* pvp
acc:  65.38969616908851 %
hit/total:  990 / 1514
